precision:  0.8353293413173652
recall:  0.6914498141263941
