precision:  0.9582179713063177
recall:  0.941627504328469
