precision:  0.7591036414565826
recall:  0.8973509933774835
