precision:  0.8876529477196885
recall:  0.9371697005284791
