precision:  0.7089252211203431
recall:  0.9480286738351255
