precision:  0.9213907785336357
recall:  0.6863738738738738
